1.000000000000000021e-02 8.022636380843212178e-01
1.010264068630970478e-02 7.940719883400849666e-01
1.020633488366802337e-02 7.859635654280803241e-01
1.031109340538466541e-02 7.779375237957940614e-01
1.041692717575787991e-02 7.699930264815252334e-01
1.052384723121368125e-02 7.621292450270512608e-01
1.063186472145670643e-02 7.543453593912452515e-01
1.074099091063293772e-02 7.466405578646262420e-01
1.085123717850430478e-02 7.390140369846142088e-01
1.096261502163541068e-02 7.314650014518107035e-01
1.107513605459238548e-02 7.239926640470741859e-01
1.118881201115406315e-02 7.165962455493708472e-01
1.130365474553557577e-02 7.092749746545431444e-01
1.141967623362454866e-02 7.020280878949336500e-01
1.153688857422993305e-02 6.948548295596402857e-01
1.165530399034368780e-02 6.877544516158624610e-01
1.177493483041540563e-02 6.807262136307825617e-01
1.189579356963999489e-02 6.737693826943984554e-01
1.201789281125863716e-02 6.668832333430956272e-01
1.214124528787304327e-02 6.600670474839808177e-01
1.226586386277322450e-02 6.533201143200212391e-01
1.239176153127887099e-02 6.466417302758966645e-01
1.251895142209453679e-02 6.400311989246328936e-01
1.264744679867870099e-02 6.334878309150058229e-01
1.277726106062689396e-02 6.270109438996231965e-01
1.290840774506899456e-02 6.205998624637899530e-01
1.304090052808093425e-02 6.142539180550523614e-01
1.317475322611081669e-02 6.079724489135059917e-01
1.330997979741971836e-02 6.017548000027710398e-01
1.344659434353727076e-02 5.956003229417008438e-01
1.358461111073215773e-02 5.895083759367533149e-01
1.372404449149775690e-02 5.834783237150459323e-01
1.386490902605298260e-02 5.775095374581640240e-01
1.400721940385855901e-02 5.716013947365382597e-01
1.415099046514882615e-02 5.657532794445511160e-01
1.429623720247932134e-02 5.599645817363000377e-01
1.444297476229020397e-02 5.542346979619826586e-01
1.459121844648573162e-02 5.485630306049680271e-01
1.474098371402994372e-02 5.429489882194681316e-01
1.489228618255876609e-02 5.373919853688743364e-01
1.504514163000860230e-02 5.318914425647131017e-01
1.519956599626168248e-02 5.264467862061896763e-01
1.535557538480828571e-02 5.210574485204038098e-01
1.551318606442599925e-02 5.157228675031340082e-01
1.567241447087628151e-02 5.104424868602053245e-01
1.583327720861837234e-02 5.052157559495085160e-01
1.599579105254082118e-02 5.000421297235825291e-01
1.615997294971076303e-02 4.949210686727445463e-01
1.632584002114122190e-02 4.898520387688560240e-01
1.649340956357646035e-02 4.848345114096193065e-01
1.666269905129572071e-02 4.798679633634793107e-01
1.683372613793542721e-02 4.749518767150174292e-01
1.700650865833015779e-02 4.700857388109890844e-01
1.718106463037245499e-02 4.652690422068274101e-01
1.735741225689173620e-02 4.605012846137506721e-01
1.753556992755252869e-02 4.557819688463762842e-01
1.771555622077211276e-02 4.511106027708691735e-01
1.789738990565793372e-02 4.464866992536133949e-01
1.808108994396484537e-02 4.419097761104396893e-01
1.826667549207245181e-02 4.373793560563252747e-01
1.845416590298275955e-02 4.328949666556193843e-01
1.864358072833828886e-02 4.284561402727873336e-01
1.883493972046099141e-02 4.240624140236331496e-01
1.902826283441200542e-02 4.197133297270517205e-01
1.922357023007255708e-02 4.154084338572184287e-01
1.942088227424629970e-02 4.111472774963203514e-01
1.962021954278316341e-02 4.069294162877271082e-01
1.982160282272499990e-02 4.027544103896764094e-01
2.002505311447329642e-02 3.986218244293674995e-01
2.023059163397908020e-02 3.945312274575943357e-01
2.043823981495537789e-02 3.904821929037955996e-01
2.064801931111231309e-02 3.864742985315701707e-01
2.085995199841517503e-02 3.825071263946432376e-01
2.107405997736567019e-02 3.785802627932879916e-01
2.129036557530654059e-02 3.746932982311771410e-01
2.150889134874993738e-02 3.708458273726906729e-01
2.172966008572960531e-02 3.670374490006418355e-01
2.195269480817719360e-02 3.632677659744369403e-01
2.217801877432307514e-02 3.595363851886637097e-01
2.240565548112168071e-02 3.558429175320910742e-01
2.263562866670179238e-02 3.521869778471037882e-01
2.286796231284199399e-02 3.485681848895318957e-01
2.310268064747145189e-02 3.449861612888887041e-01
2.333980814719649119e-02 3.414405335090287541e-01
2.357936953985300191e-02 3.379309318091879843e-01
2.382138980708506729e-02 3.344569902054305155e-01
2.406589418695010210e-02 3.310183464324850111e-01
2.431290817655063288e-02 3.276146419059554615e-01
2.456245753469323001e-02 3.242455216849497446e-01
2.481456828457463334e-02 3.209106344350414197e-01
2.506926671649541138e-02 3.176096323916522413e-01
2.532657939060162580e-02 3.143421713237764537e-01
2.558653313965448400e-02 3.111079104980826182e-01
2.584915507182849667e-02 3.079065126433914168e-01
2.611447257353835885e-02 3.047376439154961814e-01
2.638251331229475236e-02 3.016009738623536829e-01
2.665330523958963846e-02 2.984961753896209213e-01
2.692687659381099233e-02 2.954229247265486302e-01
2.720325590318754122e-02 2.923809013922166744e-01
2.748247198876372505e-02 2.893697881621134504e-01
2.776455396740511866e-02 2.863892710350570137e-01
2.804953125483485021e-02 2.834390392004490500e-01
2.833743356870103980e-02 2.805187850058689647e-01
2.862829093167575459e-02 2.776282039249826084e-01
2.892213367458586551e-02 2.747669945257893986e-01
2.921899243957591999e-02 2.719348584391924062e-01
2.951889818330353382e-02 2.691315003278824114e-01
2.982188218016760747e-02 2.663566278555362654e-01
3.012797602556956458e-02 2.636099516563363276e-01
3.043721163920824410e-02 2.608911853047948259e-01
3.074962126840844953e-02 2.582000452858829176e-01
3.106523749148374508e-02 2.555362509654648950e-01
3.138409322113374506e-02 2.528995245610350939e-01
3.170622170787623650e-02 2.502895911127527850e-01
3.203165654351464858e-02 2.477061784547638090e-01
3.236043166464097620e-02 2.451490171868264678e-01
3.269258135617466449e-02 2.426178406462086157e-01
3.302814025493804040e-02 2.401123848798880356e-01
3.336714335326804864e-02 2.376323886170228494e-01
3.370962600266542292e-02 2.351775932417087545e-01
3.405562391748114676e-02 2.327477427660041842e-01
3.440517317864068975e-02 2.303425838032474582e-01
3.475831023740668518e-02 2.279618655416204009e-01
3.511507191918000759e-02 2.256053397180019515e-01
3.547549542733991618e-02 2.232727605920779568e-01
3.583961834712383332e-02 2.209638849207092026e-01
3.620747864954650119e-02 2.186784719325738924e-01
3.657911469535984894e-02 2.164162833030554012e-01
3.695456523905318175e-02 2.141770831293904331e-01
3.733386943289448284e-02 2.119606379060704759e-01
3.771706683101341828e-02 2.097667165004856449e-01
3.810419739352584323e-02 2.075950901288314832e-01
3.849530149070103796e-02 2.054455323322433025e-01
3.889041990717151398e-02 2.033178189531827662e-01
3.928959384618598699e-02 2.012117281120682777e-01
3.969286493390618981e-02 1.991270401841275517e-01
4.010027522374767089e-02 1.970635377765004859e-01
4.051186720076500186e-02 1.950210057055707935e-01
4.092768378608243468e-02 1.929992309745241774e-01
4.134776834136944662e-02 1.909980027511334610e-01
4.177216467336272721e-02 1.890171123457797531e-01
4.220091703843434350e-02 1.870563531896862752e-01
4.263407014720670823e-02 1.851155208133759833e-01
4.307166916921526673e-02 1.831944128253521764e-01
4.351375973761854865e-02 1.812928288909911867e-01
4.396038795395702803e-02 1.794105707116523674e-01
4.441160039296055545e-02 1.775474420039982459e-01
4.486744410740513972e-02 1.757032484795259253e-01
4.532796663301977974e-02 1.738777978243086775e-01
4.579321599344345767e-02 1.720708996789372669e-01
4.626324070523299414e-02 1.702823656186746304e-01
4.673808978292263300e-02 1.685120091337994064e-01
4.721781274413501539e-02 1.667596456101658464e-01
4.770245961474512547e-02 1.650250923099419176e-01
4.819208093409699245e-02 1.633081683525620387e-01
4.868672776027382909e-02 1.616086946958593951e-01
4.918645167542268215e-02 1.599264941173962340e-01
4.969130479113312987e-02 1.582613911959849240e-01
5.020133975387179592e-02 1.566132122933926729e-01
5.071660975047222880e-02 1.549817855362353169e-01
5.123716851368122216e-02 1.533669407980541854e-01
5.176307032776224920e-02 1.517685096815742096e-01
5.229437003415617763e-02 1.501863255011451626e-01
5.283112303720009784e-02 1.486202232653574817e-01
5.337338530990519414e-02 1.470700396598391968e-01
5.392121339979329131e-02 1.455356130302218887e-01
5.447466443479397763e-02 1.440167833652874763e-01
5.503379612920181879e-02 1.425133922802772624e-01
5.559866678969475201e-02 1.410252830003808633e-01
5.616933532141466651e-02 1.395523003443820131e-01
5.674586123410966382e-02 1.380942907084802829e-01
5.732830464834009349e-02 1.366511020502714502e-01
5.791672630174787145e-02 1.352225838728925156e-01
5.851118755539014282e-02 1.338085872093273676e-01
5.911175040013826043e-02 1.324089646068727644e-01
5.971847746314210698e-02 1.310235701117616891e-01
6.033143201436082931e-02 1.296522592539439411e-01
6.095067797316099101e-02 1.282948890320188828e-01
6.157627991498169917e-02 1.269513178983238399e-01
6.220830307806891890e-02 1.256214057441750187e-01
6.284681337027846204e-02 1.243050138852536957e-01
6.349187737594876035e-02 1.230020050471470339e-01
6.414356236284469992e-02 1.217122433510306467e-01
6.480193628917187143e-02 1.204355942995001816e-01
6.546706781066370662e-02 1.191719247625463302e-01
6.613902628774079306e-02 1.179211029636693803e-01
6.681788179274372741e-02 1.166829984661410941e-01
6.750370511724052003e-02 1.154574821593985917e-01
6.819656777940870385e-02 1.142444262455837023e-01
6.889654203149316036e-02 1.130437042262147640e-01
6.960370086734098127e-02 1.118551908889945101e-01
7.031811803001290773e-02 1.106787622947541239e-01
7.103986801947363705e-02 1.095142957645275916e-01
7.176902610036065000e-02 1.083616698667591027e-01
7.250566830983262712e-02 1.072207644046402758e-01
7.324987146549916117e-02 1.060914604035749359e-01
7.400171317343080812e-02 1.049736400987725943e-01
7.476127183625230765e-02 1.038671869229687850e-01
7.552862666131827940e-02 1.027719854942669570e-01
7.630385766897299082e-02 1.016879216041089995e-01
7.708704570089514041e-02 1.006148822053634234e-01
7.787827242852791987e-02 9.955275540053692973e-02
7.867762036159571537e-02 9.850143043010599342e-02
7.948517285670861354e-02 9.746079766096685248e-02
8.030101412605442079e-02 9.643074857500172348e-02
8.112522924618077724e-02 9.541117575776364435e-02
8.195790416686683788e-02 9.440197288727347757e-02
8.279912572008601979e-02 9.340303472293426390e-02
8.364898162906136969e-02 9.241425709455500237e-02
8.450756051741284414e-02 9.143553689148832542e-02
8.537495191839947206e-02 9.046677205187758641e-02
8.625124628425577533e-02 8.950786155201399807e-02
8.713653499562411253e-02 8.855870539580094902e-02
8.803091037108415340e-02 8.761920460432687241e-02
8.893446567677983083e-02 8.668926120554315551e-02
8.984729513614493623e-02 8.576877822404724294e-02
9.076949393972943980e-02 8.485765967097011475e-02
9.170115825512527297e-02 8.395581053396586335e-02
9.264238523699537542e-02 8.306313676730410489e-02
9.359327303720474389e-02 8.217954528206217191e-02
9.455392081505573088e-02 8.130494393641730932e-02
9.552442874762885616e-02 8.043924152603883215e-02
9.650489804022877038e-02 7.958234777457574849e-02
9.749543093693849305e-02 7.873417332424345605e-02
9.849613073128132834e-02 7.789462972650489092e-02
9.950710177699223502e-02 7.706362943284628120e-02
1.005284494989002464e-01 7.624108578564818550e-02
1.015602804039220097e-01 7.542691300914809716e-02
1.026027020921685268e-01 7.462102620049496093e-02
1.036558232681655672e-01 7.382334132089583834e-02
1.047197537521897676e-01 7.303377518685182090e-02
1.057946044917205675e-01 7.225224546148298344e-02
1.068804875730099690e-01 7.147867064594243258e-02
1.079775162327709925e-01 7.071297007091645326e-02
1.090858048699858834e-01 6.995506388821326471e-02
1.102054690578360696e-01 6.920487306243443271e-02
1.113366255557539930e-01 6.846231936273376728e-02
1.124793923215989810e-01 6.772732535465866843e-02
1.136338885239577268e-01 6.699981439207497447e-02
1.148002345545716812e-01 6.627971060917360602e-02
1.159785520408913168e-01 6.556693891255879758e-02
1.171689638587596616e-01 6.486142497341754187e-02
1.183715941452256754e-01 6.416309521976722163e-02
1.195865683114896577e-01 6.347187682878366322e-02
1.208140130559810232e-01 6.278769771920651721e-02
1.220540563775705800e-01 6.211048654382207018e-02
1.233068275889183663e-01 6.144017268202252996e-02
1.245724573299582805e-01 6.077668623244149998e-02
1.258510775815216143e-01 6.011995800566390102e-02
1.271428216790999322e-01 5.946991951701025014e-02
1.284478243267495323e-01 5.882650297939454737e-02
1.297662216111381273e-01 5.818964129625533305e-02
1.310981510157365748e-01 5.755926805455723744e-02
1.324437514351554379e-01 5.693531751786588824e-02
1.338031631896291485e-01 5.631772461949155484e-02
1.351765280396484414e-01 5.570642495570356928e-02
1.365639892007436962e-01 5.510135477901369899e-02
1.379656913584192401e-01 5.450245099152757622e-02
1.393817806832413353e-01 5.390965113836471145e-02
1.408124048460810962e-01 5.332289340114412107e-02
1.422577130335132556e-01 5.274211659153799775e-02
1.437178559633741637e-01 5.216726014488955177e-02
1.451929859004781609e-01 5.159826411389709794e-02
1.466832566724962650e-01 5.103506916236121016e-02
1.481888236859970343e-01 5.047761655899708766e-02
1.497098439426528815e-01 4.992584817130864272e-02
1.512464760556121723e-01 4.937970645952563520e-02
1.527988802660394940e-01 4.883913447060266033e-02
1.543672184598255670e-01 4.830407583227914331e-02
1.559516541844692128e-01 4.777447474719953568e-02
1.575523526661319895e-01 4.725027598709418547e-02
1.591694808268680206e-01 4.673142488701872987e-02
1.608032073020310426e-01 4.621786733965285027e-02
1.624537024578592559e-01 4.570954978965667548e-02
1.641211384092419734e-01 4.520641922808500690e-02
1.658056890376674586e-01 4.470842318685833150e-02
1.675075300093555042e-01 4.421550973329021333e-02
1.692268387935758900e-01 4.372762746467062644e-02
1.709637946811553288e-01 4.324472550290440337e-02
1.727185788031738445e-01 4.276675348920414010e-02
1.744913741498534121e-01 4.229366157883763383e-02
1.762823655896398611e-01 4.182540043592884726e-02
1.780917398884817315e-01 4.136192122831127554e-02
1.799196857293060559e-01 4.090317562243466626e-02
1.817663937316943146e-01 4.044911577832309424e-02
1.836320564717605075e-01 3.999969434458464784e-02
1.855168685022329234e-01 3.955486445347213692e-02
1.874210263727425496e-01 3.911457971599396205e-02
1.893447286503193161e-01 3.867879421707495075e-02
1.912881759400987813e-01 3.824746251076659859e-02
1.932515709062411213e-01 3.782053961550625037e-02
1.952351182930656404e-01 3.739798100942445802e-02
1.972390249464013035e-01 3.697974262570027232e-02
1.992634998351569819e-01 3.656578084796413552e-02
2.013087540731124114e-01 3.615605250574743801e-02
2.033750009409339976e-01 3.575051486997856548e-02
2.054624559084154145e-01 3.534912564852496497e-02
2.075713366569471585e-01 3.495184298178079241e-02
2.097018631022164459e-01 3.455862543829936462e-02
2.118542574171399795e-01 3.416943201047041578e-02
2.140287440550327769e-01 3.378422211024136035e-02
2.162255497730140585e-01 3.340295556488220852e-02
2.184449036556537216e-01 3.302559261279387065e-02
2.206870371388610919e-01 3.265209389935905954e-02
2.229521840340198957e-01 3.228242047283569338e-02
2.252405805523698401e-01 3.191653378029219584e-02
2.275524653296391031e-01 3.155439566358420045e-02
2.298880794509290670e-01 3.119596835537252061e-02
2.322476664758554021e-01 3.084121447518165665e-02
2.346314724639463056e-01 3.049009702549849293e-02
2.370397460003019208e-01 3.014257938791094563e-02
2.394727382215169620e-01 2.979862531928607547e-02
2.419307028418690442e-01 2.945819894798716240e-02
2.444138961797769072e-01 2.912126477012930148e-02
2.469225771845290351e-01 2.878778764587345412e-02
2.494570074632872780e-01 2.845773279575823309e-02
2.520174513083670020e-01 2.813106579706920948e-02
2.546041757247983206e-01 2.780775258024513821e-02
2.572174504581693499e-01 2.748775942532116073e-02
2.598575480227553469e-01 2.717105295840805540e-02
2.625247437299366160e-01 2.685760014820769842e-02
2.652193157169086546e-01 2.654736830256388541e-02
2.679415449756860079e-01 2.624032506504857601e-02
2.706917153824047184e-01 2.593643841158285376e-02
2.734701137269250348e-01 2.563567664709246255e-02
2.762770297427374899e-01 2.533800840219761416e-02
2.791127561371776200e-01 2.504340262993626567e-02
2.819775886219489380e-01 2.475182860252127942e-02
2.848718259439603218e-01 2.446325590813039352e-02
2.877957699164790384e-01 2.417765444772915565e-02
2.907497254506047346e-01 2.389499443192608444e-02
2.937340005870656134e-01 2.361524637786020092e-02
2.967489065283409055e-01 2.333838110612012143e-02
2.997947576711132434e-01 2.306436973769480578e-02
3.028718716390547128e-01 2.279318369095514191e-02
3.059805693159484696e-01 2.252479467866665488e-02
3.091211748791508063e-01 2.225917470503250770e-02
3.122940158333967764e-01 2.199629606276669661e-02
3.154994230449521542e-01 2.173613133019721561e-02
3.187377307761171674e-01 2.147865336839862790e-02
3.220092767200830042e-01 2.122383531835401321e-02
3.253144020361472544e-01 2.097165059814572879e-02
3.286534513852893968e-01 2.072207290017499121e-02
3.320267729661133260e-01 2.047507618840962301e-02
3.354347185511571960e-01 2.023063469565992631e-02
3.388776435235767437e-01 1.998872292088237773e-02
3.423559069142042555e-01 1.974931562651072864e-02
3.458698714389897844e-01 1.951238783581422595e-02
3.494199035368245609e-01 1.927791483028289468e-02
3.530063734077535931e-01 1.904587214703929235e-02
3.566296550515809516e-01 1.881623557627665894e-02
3.602901263068697402e-01 1.858898115872318138e-02
3.639881688903444656e-01 1.836408518313193197e-02
3.677241684366962526e-01 1.814152418379640433e-02
3.714985145387972310e-01 1.792127493809126185e-02
3.753116007883270377e-01 1.770331446403816331e-02
3.791638248168178182e-01 1.748762001789608625e-02
3.830555883371188908e-01 1.727416909177635629e-02
3.869872971852880705e-01 1.706293941128165029e-02
3.909593613629116504e-01 1.685390893316916078e-02
3.949721950798609771e-01 1.664705584303718261e-02
3.990262167974857332e-01 1.644235855303534041e-02
4.031218492722516422e-01 1.623979569959786359e-02
4.072595195998259809e-01 1.603934614119983948e-02
4.114396592596146762e-01 1.584098895613615318e-02
4.156627041597584782e-01 1.564470344032277069e-02
4.199290946825889881e-01 1.545046910512034265e-02
4.242392757305526452e-01 1.525826567517962057e-02
4.285936967726042268e-01 1.506807308630870798e-02
4.329928118910796320e-01 1.487987148336164349e-02
4.374370798290465601e-01 1.469364121814832613e-02
4.419269640381434106e-01 1.450936284736537366e-02
4.464629327269073467e-01 1.432701713054779398e-02
4.510454589096006828e-01 1.414658502804112643e-02
4.556750204555364281e-01 1.396804769899394685e-02
4.603521001389109246e-01 1.379138649937041751e-02
4.650771856891483536e-01 1.361658297998268215e-02
4.698507698417603851e-01 1.344361888454293809e-02
4.746733503897305195e-01 1.327247614773482964e-02
4.795454302354234533e-01 1.310313689330407962e-02
4.844675174430283504e-01 1.293558343216806919e-02
4.894401252915394629e-01 1.276979826054418406e-02
4.944637723282826469e-01 1.260576405809660759e-02
4.995389824229887199e-01 1.244346368610154026e-02
5.046662848224233722e-01 1.228288018563040464e-02
5.098462142055779633e-01 1.212399677575098748e-02
5.150793107394244785e-01 1.196679685174629505e-02
5.203661201352468568e-01 1.181126398335074698e-02
5.257071937055469713e-01 1.165738191300372262e-02
5.311030884215358627e-01 1.150513455412012324e-02
5.365543669712148356e-01 1.135450598937776633e-02
5.420615978180542971e-01 1.120548046902138106e-02
5.476253552602723396e-01 1.105804240918305259e-02
5.532462194907237230e-01 1.091217639021889105e-02
5.589247766574014786e-01 1.076786715506173123e-02
5.646616189245629025e-01 1.062509960758955575e-02
5.704573445344794935e-01 1.048385881100965394e-02
5.763125578698226059e-01 1.034412998625809134e-02
5.822278695166889229e-01 1.020589851041445346e-02
5.882038963282718580e-01 1.006914991513158456e-02
5.942412614891895428e-01 9.933869885080113052e-03
6.003405945804690669e-01 9.800044256407626844e-03
6.065025316452009596e-01 9.667659015212255388e-03
6.127277152548646910e-01 9.536700296030509519e-03
6.190167945763382917e-01 9.407154380339063232e-03
6.253704254395932027e-01 9.279007695070460096e-03
6.317892704060847908e-01 9.152246811142426830e-03
6.382739988378435259e-01 9.026858442000637930e-03
6.448252869672791432e-01 8.902829442174683278e-03
6.514438179676965701e-01 8.780146805847183211e-03
6.581302820245384932e-01 8.658797665435712804e-03
6.648853764073586747e-01 8.538769290187401759e-03
6.717098055425324565e-01 8.420049084786071156e-03
6.786042810867167763e-01 8.302624587971575709e-03
6.855695220010612490e-01 8.186483471171315113e-03
6.926062546261821939e-01 8.071613537143661199e-03
6.997152127579047143e-01 7.958002718633068462e-03
7.068971377237859288e-01 7.845639077036722225e-03
7.141527784604194684e-01 7.734510801082543179e-03
7.214828915915358909e-01 7.624606205518346183e-03
7.288882415069024567e-01 7.515913729811972074e-03
7.363696004420366981e-01 7.408421936862124441e-03
7.439277485587341143e-01 7.302119511719880156e-03
7.515634740264243163e-01 7.196995260320551008e-03
7.592775731043625020e-01 7.093038108225733357e-03
7.670708502246623706e-01 6.990237099375432202e-03
7.749441180761852399e-01 6.888581394849936992e-03
7.828981976892861461e-01 6.788060271641401487e-03
7.909339185214324663e-01 6.688663121434843158e-03
7.990521185436988416e-01 6.590379449398417293e-03
8.072536443281537188e-01 6.493198872982735952e-03
8.155393511361389569e-01 6.397111120729106863e-03
8.239101030074579279e-01 6.302106031086446812e-03
8.323667728504764440e-01 6.208173551236715985e-03
8.409102425331531627e-01 6.115303735928639094e-03
8.495414029749994711e-01 6.023486746319586631e-03
8.582611542399858351e-01 5.932712848825387290e-03
8.670704056304013863e-01 5.842972413977877248e-03
8.759700757816752947e-01 5.754255915290045799e-03
8.849610927581748054e-01 5.666553928128504128e-03
8.940443941499833791e-01 5.579857128593178339e-03
9.032209271706737042e-01 5.494156292403989950e-03
9.124916487560822409e-01 5.409442293794347774e-03
9.218575256641021731e-01 5.325706104411225689e-03
9.313195345754951004e-01 5.242938792221730863e-03
9.408786621957420104e-01 5.161131520425851944e-03
9.505359053579347517e-01 5.080275546375333413e-03
9.602922711267303235e-01 5.000362220498338721e-03
9.701487769033656505e-01 4.921382985229858821e-03
9.801064505317538256e-01 4.843329373947587689e-03
9.901663304056691484e-01 4.766193009913100888e-03
1.000329465577028731e+00 4.689965605218192335e-03
1.010596915865293877e+00 4.614638959736083040e-03
1.020969751967982786e+00 4.540204960077464519e-03
1.031449055572326579e+00 4.466655578551057687e-03
1.042035919468071281e+00 4.393982872128551070e-03
1.052731447661428454e+00 4.322178981413811634e-03
1.063536755490205765e+00 4.251236129616049915e-03
1.074452969740117503e+00 4.181146621526848385e-03
1.085481228762279482e+00 4.111902842500909927e-03
1.096622682591926301e+00 4.043497257440203767e-03
1.107878493068329417e+00 3.975922409781534016e-03
1.119249833955958229e+00 3.909170920487169999e-03
1.130737891066885048e+00 3.843235487038464647e-03
1.142343862384433972e+00 3.778108882432333008e-03
1.154068958188116278e+00 3.713783954180276039e-03
1.165914401179832360e+00 3.650253623309957906e-03
1.177881426611378402e+00 3.587510883369047967e-03
1.189971282413263554e+00 3.525548799431202102e-03
1.202185229324837845e+00 3.464360507104093188e-03
1.214524541025766347e+00 3.403939211539236571e-03
1.226990504268853366e+00 3.344278186443497801e-03
1.239584419014217342e+00 3.285370773092216676e-03
1.252307598564861735e+00 3.227210379343637987e-03
1.265161369703617922e+00 3.169790478654705302e-03
1.278147072831507858e+00 3.113104609097929430e-03
1.291266062107525148e+00 3.057146372379263011e-03
1.304519705589839207e+00 3.001909432856919233e-03
1.317909385378467357e+00 2.947387516560872299e-03
1.331436497759392656e+00 2.893574410213096016e-03
1.345102453350173421e+00 2.840463960248299814e-03
1.358908677247047114e+00 2.788050071835120134e-03
1.372856609173532805e+00 2.736326707897714268e-03
1.386947703630570627e+00 2.685287888137587523e-03
1.401183430048202450e+00 2.634927688055615537e-03
1.415565272938795305e+00 2.585240237974251783e-03
1.430094732051858220e+00 2.536219722059729429e-03
1.444773322530428672e+00 2.487860377344351670e-03
1.459602575069075536e+00 2.440156492748714410e-03
1.474584036073526505e+00 2.393102408103872560e-03
1.489719267821917770e+00 2.346692513173473816e-03
1.505009848627721913e+00 2.300921246675738472e-03
1.520457373004324042e+00 2.255783095305417991e-03
1.536063451831304771e+00 2.211272592755628239e-03
1.551829712522427629e+00 2.167384318739636745e-03
1.567757799195337753e+00 2.124112898012673386e-03
1.583849372843017189e+00 2.081452999393732396e-03
1.600106111506998330e+00 2.039399334787481491e-03
1.616529710452340618e+00 1.997946658206386974e-03
1.633121882344427123e+00 1.957089764793048733e-03
1.649884357427551018e+00 1.916823489842980205e-03
1.666818883705351029e+00 1.877142707827853018e-03
1.683927227123101389e+00 1.838042331419387177e-03
1.701211171751851881e+00 1.799517310514094732e-03
1.718672519974487445e+00 1.761562631258941974e-03
1.736313092673669400e+00 1.724173315078251535e-03
1.754134729421723771e+00 1.687344417701958869e-03
1.772139288672478052e+00 1.651071028195497418e-03
1.790328647955052643e+00 1.615348267991592200e-03
1.808704704069654889e+00 1.580171289924177120e-03
1.827269373285385967e+00 1.545535277264757602e-03
1.846024591540056603e+00 1.511435442761575876e-03
1.864972314642084017e+00 1.477867027681823093e-03
1.884114518474431232e+00 1.444825300857367073e-03
1.903453199200659807e+00 1.412305557734290376e-03
1.922990373473096648e+00 1.380303119426684296e-03
1.942728078643119138e+00 1.348813331775154580e-03
1.962668372973626507e+00 1.317831564410418569e-03
1.982813335853663927e+00 1.287353209822564900e-03
2.003165068015268613e+00 1.257373682436399055e-03
2.023725691752540801e+00 1.227888417693441146e-03
2.044497351142948283e+00 1.198892871141142309e-03
2.065482212270915774e+00 1.170382517529860956e-03
2.086682463453714220e+00 1.142352849918215575e-03
2.108100315469644936e+00 1.114799378787476297e-03
2.129738001788596957e+00 1.087717631165582453e-03
2.151597778804942074e+00 1.061103149761539197e-03
2.173681926072838611e+00 1.034951492110835472e-03
2.195992746543951490e+00 1.009258229732641838e-03
2.218532566807590811e+00 9.840189472995555537e-04
2.241303737333348423e+00 9.592292418206175945e-04
2.264308632716189429e+00 9.348847218384728677e-04
2.287549651924086547e+00 9.109810066414294289e-04
2.311029218548188879e+00 8.875137254912995616e-04
2.334749781055546869e+00 8.644785168678944176e-04
2.358713813044443164e+00 8.418710277310312339e-04
2.382923813502350718e+00 8.196869128009718784e-04
2.407382307066511462e+00 7.979218338582431350e-04
2.432091844287227467e+00 7.765714590637233300e-04
2.457055001893816648e+00 7.556314623000214958e-04
2.482274383063322709e+00 7.350975225350638151e-04
2.507752617691985986e+00 7.149653232088923989e-04
2.533492362669471198e+00 6.952305516446971763e-04
2.559496302155951586e+00 6.758888984850287048e-04
2.585767147861996573e+00 6.569360571542652615e-04
2.612307639331359788e+00 6.383677233483011065e-04
2.639120544226666532e+00 6.201795945524959941e-04
2.666208658618014482e+00 6.023673695889157067e-04
2.693574807274556449e+00 5.849267481938531625e-04
2.721221843959076736e+00 5.678534306266554274e-04
2.749152651725567775e+00 5.511431173108752388e-04
2.777370143219894949e+00 5.347915085087023325e-04
2.805877260983513644e+00 5.187943040296974073e-04
2.834676977760326455e+00 5.031472029747550718e-04
2.863772296806691653e+00 4.878459035162509543e-04
2.893166252204586453e+00 4.728861027153058233e-04
2.922861909178023243e+00 4.582634963770224252e-04
2.952862364412677465e+00 4.439737789445942235e-04
2.983170746378817295e+00 4.300126434330802153e-04
3.013790215657554672e+00 4.163757814036435291e-04
3.044723965270412780e+00 4.030588829790126898e-04
3.075975221012307248e+00 3.900576369008377023e-04
3.107547241787943726e+00 3.773677306296029143e-04
3.139443319951636724e+00 3.649848504877033759e-04
3.171666781650663847e+00 3.529046818461888525e-04
3.204220987172097246e+00 3.411229093556865269e-04
3.237109331293225978e+00 3.296352172218799666e-04
3.270335243635576372e+00 3.184372895258939015e-04
3.303902189022531743e+00 3.075248105898606876e-04
3.337813667840674459e+00 2.968934653878227393e-04
3.372073216404784191e+00 2.865389400021128505e-04
3.406684407326618480e+00 2.764569221251975541e-04
3.441650849887477825e+00 2.666431016069291437e-04
3.476976190414562851e+00 2.570931710470490965e-04
3.512664112661226135e+00 2.478028264326661537e-04
3.548718338191129806e+00 2.387677678203615171e-04
3.585142626766305352e+00 2.299837000624720053e-04
3.621940776739254630e+00 2.214463335769626361e-04
3.659116625449018834e+00 2.131513851602480347e-04
3.696674049621350822e+00 2.050945788421611182e-04
3.734616965772993957e+00 1.972716467821903892e-04
3.772949330620072761e+00 1.896783302059925768e-04
3.811675141490733054e+00 1.823103803810481734e-04
3.850798436741960096e+00 1.751635596302561070e-04
3.890323296180711488e+00 1.682336423821087967e-04
3.930253841489375954e+00 1.615164162560006730e-04
3.970594236655560216e+00 1.550076831811088003e-04
4.011348688406326524e+00 1.487032605471530012e-04
4.052521446646884407e+00 1.425989823852527008e-04
4.094116804903745965e+00 1.366907005769854697e-04
4.136139100772489918e+00 1.309742860896264457e-04
4.178592716370061133e+00 1.254456302354761005e-04
4.221482078791755299e+00 1.201006459530512262e-04
4.264811660572887853e+00 1.149352691078385757e-04
4.308585980155169359e+00 1.099454598102149737e-04
4.352809602357921470e+00 1.051272037480355313e-04
4.397487138854072164e+00 1.004765135313345401e-04
4.442623248651078605e+00 9.598943004648086683e-05
4.488222638576780277e+00 9.166202381707811548e-05
4.534290063770210821e+00 8.749039636883128876e-05
4.580830328177473376e+00 8.347068159553901418e-05
4.627848285052720279e+00 7.959904712332811565e-05
4.675348837464218477e+00 7.587169567021099126e-05
4.723336938805680951e+00 7.228486639799729205e-05
4.771817593312783323e+00 6.883483625358944561e-05
4.820795856585015748e+00 6.551792129665806597e-05
4.870276836112904739e+00 6.233047801069775044e-05
4.920265691810591591e+00 5.926890459447039096e-05
4.970767636553946822e+00 5.632964223084421177e-05
5.021787936724146917e+00 5.350917633007777581e-05
5.073331912756859907e+00 5.080403774461706671e-05
5.125404939697092210e+00 4.821080395252512490e-05
5.178012447759661185e+00 4.572610020672116481e-05
5.231159922895482595e+00 4.334660064725878601e-05
5.284852907363666752e+00 4.106902937395804157e-05
5.339097000309428687e+00 3.889016147678802477e-05
5.393897858348016605e+00 3.680682402148256516e-05
5.449261196154548514e+00 3.481589698798821049e-05
5.505192787059960402e+00 3.291431415944298417e-05
5.561698463653070412e+00 3.109906395951421372e-05
5.618784118388765236e+00 2.936719023605277986e-05
5.676455704202517438e+00 2.771579298915211072e-05
5.734719235131119142e+00 2.614202904185676066e-05
5.793580786939848792e+00 2.464311265190676894e-05
5.853046497756074551e+00 2.321631606307011093e-05
5.913122568709306748e+00 2.185896999477924114e-05
5.973815264577877038e+00 2.056846406895368560e-05
6.035130914442246919e+00 1.934224717306982515e-05
6.097075912344970483e+00 1.817782775871609261e-05
6.159656717957519234e+00 1.707277407504974743e-05
6.222879857253857061e+00 1.602471433676152368e-05
6.286751923190990965e+00 1.503133682633294912e-05
6.351279576396512638e+00 1.409038993056138497e-05
6.416469545863124679e+00 1.319968211151375516e-05
6.482328629650398355e+00 1.235708181225111172e-05
6.548863695593638568e+00 1.156051729785526871e-05
6.616081682020079846e+00 1.080797643246463628e-05
6.683989598472443561e+00 1.009750639320697260e-05
6.752594526439861689e+00 9.427213322090465629e-06
6.821903620096351872e+00 8.795261917081604970e-06
6.891924107046890846e+00 8.199874963763419746e-06
6.962663289081056917e+00 7.639332809125397902e-06
7.034128542934526607e+00 7.111972779184080892e-06
7.106327321058278912e+00 6.616188542280081197e-06
7.179267152395758522e+00 6.150429420028693252e-06
7.252955643168023769e+00 5.713199648029576047e-06
7.327400477666881962e+00 5.303057588558026986e-06
7.402609419056264350e+00 4.918614897566488804e-06
7.478590310181730594e+00 4.558535648424874470e-06
7.555351074388342525e+00 4.221535414913598807e-06
7.632899716346945418e+00 3.906380316061341860e-06
7.711244322888849645e+00 3.611886025485732432e-06
7.790393063849157862e+00 3.336916747949211012e-06
7.870354192918746605e+00 3.080384165887670438e-06
7.951136048504906739e+00 2.841246358702352340e-06
8.032747054600948289e+00 2.618506697626595213e-06
8.115195721664603568e+00 2.411212718991717678e-06
8.198490647505522588e+00 2.218454978715047818e-06
8.282640518181892730e+00 2.039365890823659123e-06
8.367654108906165789e+00 1.873118552806599481e-06
8.453540284960205042e+00 1.718925560556807631e-06
8.540308002619713790e+00 1.576037815624345535e-06
8.627966310088224233e+00 1.443743327451714605e-06
8.716524348440676917e+00 1.321366013203714199e-06
8.805991352576601372e+00 1.208264497736934971e-06
8.896376652183175082e+00 1.103830916178388149e-06
8.987689672708151889e+00 1.007489721500613384e-06
9.079939936342688256e+00 9.186964993910509647e-07
9.173137063014404902e+00 8.369367926175305731e-07
9.267290771390488402e+00 7.617249369910819968e-07
9.362410879891195137e+00 6.926029109204858602e-07
9.458507307713746926e+00 6.291392004428800081e-07
9.555590075866652100e+00 5.709276815004467022e-07
9.653669308214773537e+00 5.175865211158333940e-07
9.752755232534989105e+00 4.687570989996983852e-07
9.852858181582778485e+00 4.241029510021642786e-07
9.953988594169768334e+00 3.833087356977768742e-07
1.005615701625223046e+01 3.460792252706936052e-07
1.015937410203085278e+01 3.121383217439718399e-07
1.026365061506180787e+01 2.812280994749740135e-07
1.036899742937909963e+01 2.531078747181707928e-07
1.047542553062860904e+01 2.275533029375929022e-07
1.058294601721360628e+01 2.043555044347984307e-07
1.069157010145213782e+01 1.833202187442433019e-07
1.080130911074627953e+01 1.642669881375121004e-07
1.091217448876330032e+01 1.470283704709135292e-07
1.102417779662909858e+01 1.314491815079865922e-07
1.113733071413372677e+01 1.173857667499839236e-07
1.125164504094940376e+01 1.047053027133589528e-07
1.136713269786103453e+01 9.328512750429095358e-08
1.148380572800923360e+01 8.301210045630970613e-08
1.160167629814624668e+01 7.378199051835607463e-08
1.172075669990472946e+01 6.549889300738582823e-08
1.184105935107945307e+01 5.807467427183552185e-08
1.196259679692233391e+01 5.142844375005128256e-08
1.208538171145057838e+01 4.548605285122237006e-08
1.220942689876837584e+01 4.017962003530332517e-08
1.233474529440215939e+01 3.544708142297091398e-08
1.246134996664943628e+01 3.123176622666393503e-08
1.258925411794167459e+01 2.748199625911670211e-08
